[500.143, 794],[615.104, 794],[496.154, 682.303],
[612.111, 248],[494, 248],[494, 354.3],
[1031, 672.211],[925.75, 783],[1031, 783],
[498, 686.429],[498, 793],[615.789, 793],
[606.111, 248],[488, 248],[488, 354.3],
[1031, 666.081],[924.094, 778.766],[1031, 776.857],
[498.585, 795.267],[614.299, 790.446],[494.805, 683.755],
[598.284, 246],[482, 246],[482, 354.924],
[1028.34, 660.294],[922.97, 774.449],[1032.43, 770.675],
[613.998, 789.913],[496, 684.866],[496, 795.043],
[591.679, 244.382],[472.647, 246.862],[476.987, 353.191],
[1027.96, 653.039],[924.998, 768.878],[1033.47, 764.45],
[497.652, 794.264],[614.258, 789.406],[490.884, 682.582],
[1033.91, 757.535],[1027.8, 646.011],[924.206, 763.988],
[469.283, 354.498],[582.543, 242.727],[464.637, 247.64],
[489.5, 685.756],[497.01, 794.646],[614.77, 787.719],
[1034.28, 751.295],[1026.39, 638.801],[924.501, 758.156],
[575.167, 241.833],[456.881, 248.059],[462.093, 354.907],
[614.322, 787.355],[486.776, 683.539],[496.881, 794.695],
[1025.3, 632.633],[923.695, 753.377],[1034.44, 744.691],
[450.149, 248.404],[456.065, 356.851],[566.568, 240.375],
[485.256, 684.743],[496.495, 794.322],[616.015, 785.785],
[924.817, 748.755],[1034.78, 739.193],[1023.2, 627.228],
[443.717, 247.752],[450.929, 355.939],[560.985, 239.934],
[614.805, 784.85],[484.094, 683.845],[496.413, 794.716],
[923.9, 745.832],[1034.49, 733.983],[1022.46, 621.183],
[437.324, 248.556],[446.046, 357.578],[555.534, 238.705],
[495.835, 795.516],[613.805, 783.719],[483.593, 685.337],
[1034.26, 729.881],[1021.27, 617.804],[923.954, 741.914],
[432.624, 249.179],[442.093, 358.068],[549.832, 238.016],
[495.944, 794.551],[615, 783.727],[482.343, 685.742],
[427.901, 250.011],[438.645, 357.452],[546.937, 236.785],
[1020.4, 612.626],[923.801, 738.501],[1032.98, 725.843],
[495.494, 794.951],[614.28, 783.072],[481.872, 685.972],
[543.599, 236.047],[424.06, 250.111],[434.543, 357.566],
[1018.35, 610.09],[922.96, 735.826],[1033.23, 721.689],
[495.768, 795.733],[613.062, 781.934],[480.561, 686.238],
[1018.02, 606.641],[923.133, 733.157],[1032.98, 718.829],
[539.025, 236.115],[419.619, 250.163],[431.993, 358.437],
[495.417, 795.774],[614.565, 781.757],[480.316, 686.291],
[1017.23, 604.229],[922.671, 731.248],[1033.01, 716.286],
[417.288, 250.268],[429.739, 359.22],[534.918, 236.01],
[496.019, 796.123],[614.652, 781.294],[479.403, 688.122],
[1015.75, 603.39],[922.673, 729.397],[1033.19, 713.885],
[531.641, 235.795],[414.174, 250.478],[427.097, 360.326],
[614.545, 781.123],[479.138, 688.399],[495.762, 796.45],
[411.456, 250.651],[425.185, 360.482],[528.824, 235.507],
[1016.06, 600.89],[922.466, 728.116],[1032.61, 711.798],
[495.906, 796.754],[614.941, 781.395],[478.235, 687.78],
[527.088, 235.188],[409.238, 250.902],[422.968, 360.744],
[921.848, 727.298],[1032.66, 709.916],[1015.83, 599.139],
[495.98, 796.878],[614.463, 782.067],[477.928, 688.571],
[525.545, 234.636],[407.26, 251.534],[421.17, 360.501],
[922.682, 726.362],[1033.05, 709.117],[1015.7, 598.105],
[478.159, 689.955],[496.302, 798.814],[614.612, 781.913],
[403.48, 251.881],[421.482, 359.892],[524.787, 234.129],
[922.682, 726.362],[1033.17, 709.099],[1016.03, 597.662],
[496.022, 799.13],[615.444, 783.207],[478.202, 692.21],
[419.657, 362.424],[523.535, 234.104],[404.849, 251.367],
[1033.36, 709.274],[1017.09, 597.016],[923.157, 727.64],
[524.073, 233.439],[403.97, 251.454],[419.484, 362.637],
[496.302, 800.814],[614.612, 783.913],[478.159, 691.955],
[1033.62, 711.34],[1018.46, 599.503],[922.666, 728.677],
[403.483, 251.378],[419.393, 362.75],[524.211, 233.268],
[496.114, 800.921],[614.261, 785.676],[477.875, 693.763],
[1019.61, 600.945],[924.266, 729.52],[1034.79, 713.266],
[524.368, 233.662],[403.42, 250.94],[419.378, 362.649],
[496.428, 803.082],[615.176, 786.118],[477.701, 694.468],
[1035.22, 715.203],[1020.91, 604.34],[924.454, 731.492],
[403.271, 250.897],[419.316, 363.209],[526.729, 233.103],
[614.782, 788.027],[477.875, 695.763],[496.104, 802.862],
[1021.81, 604.108],[925.617, 733.321],[1036.29, 717.046],
[526.211, 233.398],[403.535, 250.924],[419.091, 365.002],
[496.021, 804.372],[614.156, 789.605],[477.875, 697.763],
[1036.8, 718.882],[1023.38, 608.102],[925.146, 735.222],
[528.912, 232.94],[403.985, 251.222],[419.517, 365.125],
[616.061, 790.707],[478.032, 698.688],[496.03, 804.425],
[1036.89, 721.016],[1024.42, 608.754],[925.358, 736.949],
[404.255, 250.783],[420.525, 364.678],[530.265, 233.6],
[496.224, 806.347],[614.592, 791.551],[478.469, 699.816],
[1026.03, 611.843],[924.934, 738.94],[1037.01, 723.481],
[532.6, 233.2],[405.836, 251.309],[421.622, 365.757],
[495.945, 806.654],[615.598, 792.577],[478.959, 700.494],
[1026.86, 614.676],[927.158, 740.771],[1038.52, 725.411],
[534.751, 233.321],[407.93, 251.439],[422.265, 366.118],
[495.906, 808.387],[614.302, 793.587],[479.419, 701.221],
[926.394, 743.174],[1038.42, 727.897],[1028.55, 617.665],
[536.091, 233.918],[409.679, 251.355],[423.758, 367.504],
[496.353, 808.205],[616.867, 795.177],[479.356, 701.975],
[1038.47, 730.374],[1029.06, 619.041],[926.559, 744.971],
[409.826, 250.609],[424.336, 366.69],[537.105, 235.635],
[615.416, 796.35],[479.572, 703.327],[496.584, 809.65],
[927.116, 746.984],[1038.73, 732.102],[1030.74, 621.776],
[536.743, 235.789],[410.018, 251.149],[424.195, 368.109],
[496.678, 810.237],[616.014, 796.598],[479.715, 704.218],
[927.9, 747.32],[1040.11, 733.51],[1031.07, 623.516],
[407.916, 252.411],[424.505, 368.534],[537.11, 235.185],
[496.601, 810.04],[618.304, 797.87],[479.636, 705.424],
[1040.29, 733.495],[1031.12, 623.455],[926.812, 748.625],
[536.682, 235.509],[408.676, 252.577],[422.832, 369.36],
[496.489, 811.057],[617.973, 797.559],[479.656, 705.848],
[1040.32, 733.79],[1031.22, 624.612],[928.887, 748.261],
[408.241, 252.22],[423.147, 368.989],[536.058, 236.243],
[496.619, 811.868],[616.409, 797.775],[479.614, 705.588],
[1040.48, 734.164],[1031.6, 625.365],[928.407, 748.625],
[538.091, 236.489],[409.71, 252.536],[423.491, 369.673],
[496.526, 812.417],[616.731, 797.992],[480.146, 705.946],
[1032.4, 626.869],[927.504, 749.246],[1040.43, 735.347],
[410.492, 252.689],[426.009, 369.07],[540.091, 236.489],
[480.062, 705.89],[497.084, 812.274],[617.666, 798.623],
[1040.13, 736.402],[1033.3, 625.339],[928.225, 750.842],
[412.769, 253.154],[427.354, 369.832],[541.609, 237.049],
[1033.74, 629.301],[928.026, 752.636],[1040.04, 737.946],
[497.262, 812.323],[615.551, 799.535],[480.559, 706.541],
[542.712, 237.916],[414.441, 253.007],[428.658, 371.48],
[616.461, 799.996],[481.195, 707.77],[497.539, 814.004],
[1033.75, 630.728],[926.742, 753.858],[1040.14, 739.458],
[544.017, 238.665],[415.329, 252.963],[428.591, 372.316],
[618.038, 800.44],[482.208, 709.406],[497.676, 813.814],
[1033.83, 631.451],[927.824, 753.647],[1040.01, 739.624],
[429.507, 371.058],[546.872, 238.25],[414.848, 253.783],
[482.486, 710.241],[498.082, 814.213],[620.362, 800.626],
[926.742, 753.858],[1039.87, 739.492],[1033.75, 630.731],
[545.866, 238.839],[416.051, 254.112],[429.796, 373.236],
[498.283, 814.413],[619, 801],[482.849, 710.233],
[1033.37, 630.972],[927.135, 753.441],[1037.87, 738.918],
[431.108, 373.416],[548.685, 239.257],[417.045, 253.884],
[498.487, 814.407],[617.87, 801.501],[483.647, 710.527],
[927.361, 753.412],[1038.01, 738.901],[1031.95, 631.39],
[418.346, 254.665],[432.069, 373.6],[549.865, 239.192],
[483.445, 710.39],[499.409, 814.159],[618.914, 802.209],
[927.216, 753.348],[1037.86, 739.517],[1031.92, 632.643],
[418.959, 254.671],[433.726, 372.81],[551.103, 239.989],
[499.484, 815.391],[618.92, 802.12],[484.663, 711.643],
[927.601, 753.905],[1037.54, 739.486],[1032.04, 633.51],
[420.398, 254.845],[433.955, 374.602],[550.679, 240.369],
[484.664, 712.317],[499.881, 815.791],[621.771, 802.248],
[1032.41, 632.854],[928.786, 753.749],[1035.7, 739.728],
[553.417, 239.781],[421.782, 254.825],[433.742, 374.416],
[499.854, 815.794],[621.783, 802.246],[484.884, 712.502],
[1032.37, 632.971],[928.405, 753.799],[1035.71, 739.727],
[420.211, 255.387],[434.692, 373.655],[553.41, 239.716],
[499.942, 816.401],[620.654, 801.769],[484.684, 711.123],
[1032.41, 633.378],[926.145, 753.997],[1035.61, 739.154],
[418.99, 254.92],[433.958, 374.664],[550.012, 240.755],
[499.942, 816.401],[620.876, 801.742],[484.816, 712.033],
[1035.56, 738.424],[1032.3, 631.051],[927.2, 753.2],
[417.801, 255.355],[432.258, 374.626],[548.18, 240.869],
[500.004, 816.625],[620.804, 801.524],[484.733, 712.782],
[1035.62, 737.831],[1032.27, 630.683],[927.912, 752.436],
[415.613, 256.289],[432.49, 374.432],[548.426, 240.191],
[500.032, 816.547],[619.716, 801.892],[484.542, 713.277],
[1032.28, 630.811],[927.615, 752.157],[1035.6, 737.262],
[548.113, 240.639],[415.977, 256.819],[430.866, 375.924],
[499.907, 816.887],[619.952, 801.881],[484.374, 713.979],
[1032.32, 630.764],[927.526, 752.259],[1035.59, 737.093],
[415.007, 257.058],[429.992, 376.933],[547.38, 241.485],
[499.982, 816.884],[621.337, 802.607],[484.262, 714.7],
[1032.35, 630.73],[927.526, 752.259],[1035.62, 737.089],
[414.559, 257.474],[429.837, 379.693],[545.835, 242.327],
[500.103, 818.668],[619.334, 802.409],[484.187, 715.218],
[927.338, 752.478],[1035.65, 736.724],[1032.34, 630.741],
[545.982, 242.252],[413.846, 258.769],[429.025, 380.201],
[500.094, 818.613],[621.489, 803.439],[484.47, 717.057],
[1032.39, 631.074],[927.088, 752.687],[1035.63, 736.406],
[546.084, 243.402],[413.761, 258.969],[428.121, 381.026],
[500.13, 818.632],[622.713, 804.21],[484.236, 716.91],
[1032.43, 631.03],[927.088, 752.687],[1035.62, 736.407],
[412.232, 259.737],[428.457, 381.43],[546.52, 243.939],
[500.377, 820.358],[617.434, 804.395],[483.807, 716.796],
[1032.42, 630.844],[928.115, 752.533],[1035.62, 736.407],
[428.405, 382.933],[545.442, 244.889],[411.537, 260.643],
[500.428, 820.676],[620.305, 804.693],[484.135, 718.846],
[1035.62, 736.407],[1032.49, 633.218],[927.669, 752.6],
[547.125, 245.515],[411.429, 261.479],[427.969, 382.77],
[500.633, 820.796],[621.82, 805.647],[483.583, 718.498],
[1032.49, 633.218],[927.29, 753.031],[1035.64, 736.98],
[545.663, 246.628],[411.066, 262.463],[428.539, 384.774],
[619.451, 806.219],[484.465, 720.728],[500.446, 821.411],
[1033.26, 634.34],[929.084, 752.988],[1035.46, 737.791],
[548.365, 246.954],[411.543, 264.057],[428.615, 386.41],
[500.626, 822.547],[619.837, 807.645],[484.483, 720.842],
[928.313, 753.807],[1036.16, 737.948],[1034.66, 633.09],
[550.449, 247.944],[413.262, 265.092],[428.681, 388.445],
[500.872, 823.191],[620.112, 807.638],[484.895, 722],
[1034.69, 635.234],[927.197, 754.671],[1036.16, 738.326],
[549.024, 249.762],[413.587, 265.696],[429.005, 389.043],
[501.1, 824.635],[619.283, 808.048],[485.127, 723.471],
[927.308, 755.722],[1035, 739.154],[1035, 634.932],
[415.304, 267.087],[429.922, 391.335],[550.484, 250.189],
[620.638, 808.708],[485.463, 724.599],[501.362, 825.292],
[927.796, 755.956],[1035, 739.955],[1035, 637.162],
[415.523, 267.597],[431.176, 390.215],[553.16, 251.867],
[485.625, 725.293],[501.443, 825.474],[620.753, 809.566],
[926.821, 756.804],[1035, 740.778],[1035, 638.392],
[431.774, 393.04],[553.915, 253.024],[417.444, 268.847],
[501.492, 826.699],[621.845, 809.905],[486.207, 727.343],
[928.151, 757.348],[1035, 741.518],[1035, 640.392],
[557.073, 253.991],[417.766, 270.381],[432.562, 393.686],
[501.719, 827.171],[622.104, 811.119],[486.5, 728.25],
[926.616, 758.794],[1035, 742.434],[1035, 641.622],
[557.027, 256.219],[419.006, 271.555],[433.545, 395.136],
[501.516, 827.175],[623.377, 812.838],[487.391, 730.064],
[928.317, 758.955],[1035, 743.714],[1035, 643.622],
[557.138, 257.985],[419.395, 273.289],[434.392, 398.266],
[501.726, 829.079],[622.453, 813.332],[487.713, 730.991],
[926.379, 760.573],[1035, 744.482],[1035, 646.081],
[419.612, 275.502],[434.814, 399.648],[560.71, 258.399],
[501.789, 829.526],[622.681, 814.415],[487.912, 732.381],
[928.008, 760.856],[1035, 745.571],[1035, 648.081],
[560.386, 261.068],[420.077, 276.658],[434.78, 401.627],
[501.738, 831.168],[620.637, 815.315],[487.795, 733.566],
[1034.93, 746.143],[1036.33, 646.814],[926.402, 762.524],
[501.76, 832.32],[621.115, 815.269],[487.906, 735.344],
[928.026, 762.814],[1034.88, 747.272],[1037.73, 647.333],
[1049.74, 204.033],[963.136, 214.858],[1046.09, 287.936],
[419.877, 280.014],[435.48, 404.843],[561.047, 264.328],
[501.873, 833.463],[622.166, 815.642],[487.674, 736.442],
[926.195, 764.273],[1034.83, 747.813],[1038.23, 649.289],
[501.782, 833.027],[622.276, 817.966],[487.577, 737.146],
[1038.48, 651.033],[927.879, 764.545],[1034.85, 748.985],
[967.203, 216.917],[1050.07, 289.919],[1053.77, 206.733],
[501.873, 835.463],[622.52, 817.59],[487.872, 739.793],
[926.922, 765.297],[1035.74, 749.752],[1038.65, 652.134],
[970.908, 220.017],[1052.33, 293.294],[1054.45, 204.105],
[501.486, 834.82],[622.571, 820.143],[487.476, 739.086],
[1036.82, 750.168],[1040.23, 651.289],[928.86, 765.591],
[1055.87, 204.387],[970.74, 219.866],[1051.94, 292.942],
[501.828, 836.882],[622.59, 819.63],[487.133, 741.366],
[1041.11, 652.369],[929.837, 766.654],[1036.83, 750.802],
[1055.88, 203.833],[970.413, 220.112],[1052.06, 291.555],
[501.58, 836.796],[621.257, 821.354],[486, 740.2],
[1038.82, 751.597],[1041.98, 653.49],[931.447, 766.936],
[1055.65, 203.876],[970.045, 220.182],[1052.83, 291.143],
[501.196, 836.975],[621.842, 821.407],[485.942, 741.64],
[930.889, 767.562],[1038.85, 751.859],[1041.97, 653.561],
[1054.39, 205.087],[967.814, 217.455],[1052.37, 291.948],
[500.374, 837.241],[618.349, 819.763],[484.082, 739.495],
[930.856, 766.839],[1038.87, 751.128],[1042.04, 651.144],
[961.603, 214.088],[1048.38, 288.472],[1050.4, 201.912],
[499.021, 835.126],[620.023, 819.513],[483.016, 739.096],
[929.888, 765.091],[1039, 748.926],[1039, 650.081],
[1045.66, 197.912],[956.05, 209.86],[1042.21, 282.314],
[498.819, 835.643],[616.395, 817.555],[481.439, 737.155],
[929.403, 762.718],[1039, 746.482],[1039, 645.716],
[953, 207.341],[1039, 279.659],[1039, 192.659],
[498.274, 832.965],[617.743, 817.549],[481.311, 736.27],
[929.076, 761.296],[1039.35, 744.331],[1036.55, 645.106],
[1035, 191.571],[947.147, 204.122],[1035, 276.696],
[498.272, 833.097],[617.845, 817.154],[481.593, 735.11],
[930.228, 761.04],[1039.33, 744.877],[1036.55, 644.922],
[1035, 190.833],[948.511, 205.248],[1035, 276.696],
[498.656, 833.046],[616.795, 817.294],[482.585, 733.942],
[929.953, 763.525],[1037, 747.667],[1037, 645.211],
[1037, 193.833],[951.86, 208.023],[1037, 281],
[414.562, 273.493],[430.131, 398.052],[554.15, 257.983],
[498.736, 832.783],[619.082, 817.74],[483.437, 733.338],
[928.321, 766.917],[1037, 751.109],[1037, 649.658],
[418.562, 273.493],[433.897, 396.175],[558.616, 257.932],
[619.294, 818.055],[484.59, 733.133],[498.809, 832.66],
[928.322, 768.709],[1037, 753.456],[1037, 652.882],
[421.736, 273.11],[434.034, 398.549],[560.249, 258.135],
[619.725, 818.326],[484.87, 733.31],[498.563, 832.581],
[1038.39, 652.64],[928.204, 768.627],[1034.9, 753.91],
[560.374, 258.122],[420.472, 273.246],[434.3, 397.703],
[619.725, 818.326],[484.87, 733.31],[498.563, 832.581],
[1034.93, 753.493],[1037.85, 651.209],[926.47, 768.452],
[433.491, 396.676],[557.736, 258.626],[418.884, 272.512],
[619.294, 818.055],[484.276, 732.935],[498.528, 832.694],
[926.463, 768.46],[1034.92, 752.684],[1037.78, 651.283],
[416.847, 272.773],[432.253, 396.024],[556.964, 257.626],
[498.424, 832.362],[617.772, 818.321],[483.596, 732.274],
[928.196, 766.844],[1034.92, 752.924],[1037.86, 649.967],
[556.285, 257.444],[418, 272],[429.343, 396.77],
[497.82, 832.106],[617.406, 818.439],[483.16, 731.925],
[927.473, 767.528],[1037, 753.164],[1037, 652.081],
[555.436, 255.893],[416.279, 271.797],[430.328, 395.895],
[497.307, 832.323],[616.715, 817.994],[482.357, 731.408],
[928.464, 768.558],[1037, 754.702],[1037, 652.882],
[554.987, 256.657],[416.111, 270.317],[430.205, 394.809],
[496.522, 832.233],[617.022, 818.056],[481.818, 731.756],
[1037, 655.038],[928.799, 770.176],[1037, 757.061],
[556.526, 255.179],[416.258, 270.481],[430.959, 392.996],
[495.867, 832.072],[615.11, 818.572],[481.344, 730.409],
[1039, 654.91],[928.917, 772.05],[1039, 758.84],
[556.568, 255.203],[418.422, 269.745],[431.171, 392.985],
[495.457, 832.06],[615.353, 818.739],[481.441, 730.444],
[1039, 761.154],[1039, 658.105],[929.052, 773.84],
[419.363, 269.264],[433.094, 392.848],[558.357, 255.364],
[495.212, 832.088],[615.353, 818.739],[481.68, 730.602],
[929.052, 775.84],[1039, 763.154],[1039, 660.105],
[561.394, 254.821],[422.279, 269.212],[433.009, 392.6],
[494.993, 831.948],[615.841, 819.227],[481.667, 729.778],
[929.511, 777.357],[1038.95, 764.968],[1040.34, 660.698],
[434.9, 391.553],[561.072, 256.26],[421.961, 268.626],
[1041.9, 661.645],[928.861, 777.578],[1038.91, 766.292],
[494.993, 831.948],[615.841, 819.227],[481.667, 729.778],
[562.179, 256.166],[424.104, 268.718],[434.663, 392.79],
[494.821, 832.095],[614.818, 819.788],[481.734, 729.587],
[1042.35, 661.948],[930.336, 778.266],[1038.89, 767.411],
[423.637, 268.553],[436.499, 390.736],[563.185, 256.419],
[614.027, 820.097],[481.81, 729.476],[494.63, 832.037],
[929.039, 779.396],[1038.89, 768.411],[1042.34, 663.192],
[564.291, 256.323],[424.746, 268.457],[437.017, 391.172],
[1042.36, 664.168],[929.827, 779.588],[1038.86, 769.204],
[494.63, 832.037],[613.535, 820.146],[481.799, 729.395],
[425.935, 268.353],[438.116, 390.158],[564.256, 256.326],
[1042.34, 665.192],[929.795, 780.62],[1038.91, 769.709],
[494.747, 831.976],[613.72, 820.273],[481.936, 729.489],
[566.602, 256.247],[428.004, 268.042],[438.647, 390.443],
[494.692, 831.981],[613.72, 820.273],[482.16, 729.644],
[929.366, 781.06],[1038.88, 770.63],[1042.34, 665.192],
[440.346, 390.637],[568.356, 256.531],[428.639, 267.709],
[928.31, 781.69],[1038.89, 771.323],[1042.29, 667.712],
[494.751, 831.927],[614.394, 820.349],[482.515, 729.96],
[568.328, 256.534],[430.538, 267.557],[441.392, 389.662],
[494.677, 831.757],[614.567, 820.857],[482.708, 730.021],
[1042.44, 668.327],[929.379, 782.834],[1038.85, 772.24],
[432.544, 267.343],[441.642, 390.166],[570.416, 256.737],
[494.941, 831.505],[615.446, 821.463],[482.767, 730.062],
[1042.49, 669.509],[928.6, 783.4],[1038.85, 773.378],
[432.269, 267.825],[443.783, 388.722],[572.397, 257.046],
[1042.47, 670.29],[930.604, 783.594],[1038.9, 774.039],
[494.817, 831.415],[615.838, 821.733],[483.153, 730.328],
[431.931, 268.313],[444.06, 389.601],[571.644, 257.566],
[615.777, 821.53],[483.25, 731.171],[494.864, 831.82],
[1038.89, 774.237],[1042.43, 671.571],[929.143, 784.857],
[570.497, 259.735],[432.576, 267.848],[442.35, 392.459],
[494.749, 831.362],[616.313, 822.978],[483.014, 731.616],
[1038.89, 774.237],[1042.43, 671.571],[929.143, 784.857],
[442.764, 391.873],[570.528, 259.652],[429.28, 270.517],
[494.903, 833.191],[613.868, 822.376],[482.767, 732.062],
[1042.45, 671.545],[929.073, 784.927],[1038.86, 774.129],
[427.22, 271.983],[440.764, 393.873],[569.09, 261.07],
[616.318, 823.545],[482.565, 734.377],[494.459, 833.493],
[1042.48, 671.518],[930.214, 783.786],[1038.85, 773.273],
[426.027, 274.309],[436.814, 398.36],[565.973, 261.691],
[494.281, 834.628],[617.67, 823.898],[482.284, 736.649],
[1042.62, 669.377],[928.565, 783.435],[1038.89, 771.972],
[563.106, 263.172],[422.099, 275.991],[434.587, 400.871],
[494.455, 836.005],[613.444, 823.48],[480.823, 736.037],
[1042.69, 669.314],[929.849, 782.151],[1038.87, 770.365],
[493.692, 836.077],[615.902, 824.438],[480.462, 739.052],
[1039.25, 770],[1042.85, 669.148],[930.212, 781.788],
[1059.75, 215.225],[968.132, 224.387],[1055.97, 300.244],
[930.029, 781.175],[1040.68, 769.32],[1043.91, 665.833],
[493.176, 837.824],[613.818, 825.124],[480.256, 740.922],
[1059.73, 214.252],[969.545, 224.273],[1055.97, 300.649],
[928.661, 781.339],[1040.72, 767.959],[1043.9, 666.097],
[493.37, 838.363],[613.985, 826.302],[479.345, 742.526],
[1060.09, 214.213],[968.176, 224.425],[1055.99, 300.262],
[928.932, 781.068],[1040.72, 767.72],[1044, 666],
[493.635, 840.263],[615.531, 826.719],[477.946, 744.167],
[1057.68, 302.802],[1061.85, 215.174],[971.352, 224.7],
[1044.17, 668.286],[928.284, 781.273],[1040.63, 767.446],
[493.448, 841.69],[616.167, 828.772],[477.755, 747.53],
[1064.08, 216.88],[973.609, 226.932],[1059.58, 304.714],
[614.393, 829.516],[477.683, 750.528],[493.608, 844.484],
[1044.08, 670.702],[927.609, 781.494],[1040.64, 767.141],
[976, 232],[1062.09, 306.348],[1066.8, 216.867],
[493.582, 846.177],[614.181, 831.102],[477.681, 753.95],
[1045.26, 669.706],[927.807, 781.283],[1038.66, 766.979],
[1070.19, 222.33],[976.716, 233.328],[1065.6, 309.518],
[477.513, 758.322],[493.811, 847.962],[615.119, 833.108],
[1045.36, 671.907],[927.074, 781.542],[1038.63, 766.154],
[1068.94, 313.087],[1073.56, 225.282],[981.09, 237.214],
[612.755, 833.475],[477.677, 762.225],[493.797, 850.883],
[1045.36, 671.907],[927.21, 781.415],[1038.65, 765.938],
[1071.08, 315.724],[1076.44, 227.318],[983.033, 241.687],
[476.815, 764.425],[493.918, 852.081],[612.98, 835.468],
[1045.66, 671.819],[927.625, 780.996],[1038.59, 765.367],
[985.716, 243.755],[1072.99, 319.13],[1078.36, 230.52],
[493.688, 853.442],[613.275, 837.497],[476.367, 766.835],
[1045.66, 671.819],[927.347, 781.254],[1038.69, 764.125],
[1080.25, 232.25],[985.283, 245.817],[1074.33, 321.014],
[493.343, 855.716],[614.21, 837.122],[476.419, 771.097],
[1038.61, 763.847],[1046, 671.5],[928.057, 780.597],
[1080.4, 232.6],[985, 248.5],[1074.89, 320.801],
[493.752, 856.884],[613.026, 838.534],[475.005, 772.524],
[928.642, 780.056],[1038.53, 762.885],[1047.36, 670.244],
[1081.06, 234.157],[984.552, 250.241],[1074.76, 322.405],
[494.075, 858.821],[614.864, 838.689],[474.551, 775.84],
[1046.89, 672.526],[931.049, 779.68],[1040.46, 762.585],
[1082.42, 235.754],[984.682, 252.751],[1076.49, 324.603],
[493.464, 860.222],[614.655, 840.569],[474.059, 777.75],
[1047.58, 674.137],[929.894, 780.34],[1040.65, 762.476],
[987.535, 255.539],[1078.26, 327.708],[1084.45, 237.917],
[493.849, 862.397],[613.905, 841.816],[473.68, 781.72],
[931.894, 780.34],[1040.65, 762.798],[1048.77, 674.87],
[1086.47, 242.236],[986.726, 257.581],[1078.23, 330.784],
[493.346, 863.105],[614.199, 843.768],[473.257, 784.424],
[930.986, 781.169],[1040.61, 762.898],[1049.33, 675.653],
[1088.57, 243.896],[989.463, 261.916],[1079.95, 332.292],
[493.435, 866.168],[614.786, 843.415],[472.842, 787.229],
[930.037, 782.063],[1042.41, 762.688],[1048.98, 677.281],
[990.639, 265.872],[1082.35, 336.118],[1088.77, 246.246],
[493.364, 867.116],[614.134, 845.157],[472.565, 789.12],
[929.55, 782.491],[1042.5, 763.018],[1049.7, 676.649],
[1091.15, 248.57],[991.944, 268.411],[1081.76, 337.812],
[493.341, 867.61],[614.704, 847.383],[472.2, 790.975],
[1049.71, 678.447],[931.626, 782.133],[1042.67, 762.988],
[991.285, 270.327],[1083.32, 339.865],[1092.43, 251.061],
[493.348, 869.275],[614.111, 849.148],[472.58, 793.125],
[930.84, 782.886],[1042.61, 762.927],[1051.04, 678.617],
[992.474, 272.1],[1083.95, 341.704],[1093.06, 252.941],
[493.773, 871.205],[616.275, 850.787],[472.422, 796.475],
[932.288, 783.552],[1043.22, 763.117],[1051.3, 679.051],
[1093.45, 253.589],[994.027, 274.521],[1085.96, 343.471],
[1051.38, 678.979],[932.288, 783.552],[1044.24, 762.929],
[614.573, 850.84],[471.959, 797.36],[493.847, 872.145],
[1094.57, 255.886],[993.213, 276.157],[1085.91, 344.673],
[1044.37, 762.601],[1051.33, 679.026],[933.483, 782.503],
[493.749, 872.162],[614.74, 850.811],[471.382, 797.606],
[1094.57, 255.879],[993.036, 277.256],[1085.88, 344.956],
[615, 850.5],[471.615, 799.718],[493.675, 873.249],
[1051.82, 678.599],[933.618, 782.384],[1044.6, 761.575],
[1092.36, 256.615],[991.381, 277.507],[1086.35, 346.755],
[494.081, 873.244],[615.987, 850.669],[469.631, 799.892],
[934.351, 781.497],[1044.67, 760.812],[1051.84, 678.335],
[1090.79, 255.974],[989.084, 277.768],[1084.41, 345.289],
[1044.71, 759.93],[1053.16, 675.422],[933.075, 780.861],
[493.606, 874.076],[616.227, 850.495],[469.884, 801.216],
[1090.28, 254.94],[987.394, 276.987],[1082.17, 344.121],
[934.109, 779.709],[1044.62, 758.802],[1052.97, 675.348],
[493.779, 874.337],[616.4, 850.294],[469.809, 802.427],
[1080.54, 343.331],[1088.2, 255.159],[983.612, 276.078],
[493.613, 874.37],[616.4, 850.294],[468.838, 802.11],
[1052.43, 675.67],[933.787, 779.139],[1046.4, 757.167],
[981.985, 276.67],[1078.83, 342.523],[1086.41, 253.465],
[493.497, 874.393],[616.722, 850.231],[467.855, 802.594],
[933.552, 778.49],[1046.59, 755.883],[1052.34, 673.839],
[1084.41, 252.078],[979.373, 276.086],[1077.04, 340.545],
[933.089, 776.898],[1046.61, 754.513],[1052.42, 671.773],
[493.463, 874.399],[617.038, 850.169],[467.219, 803.167],
[1082.12, 251.018],[976.475, 273.984],[1075.03, 339.684],
[1050.94, 670.877],[934.047, 775.244],[1046.72, 752.424],
[493.5, 874.5],[615.275, 850.145],[466.38, 803.988],
[973.23, 272.804],[1072.83, 337.926],[1078.07, 248.842],
[1050.29, 669.298],[935.048, 773.298],[1046.77, 750.381],
[493.351, 874.76],[614.096, 849.605],[466.132, 804.767],
[1074.4, 246.098],[970.282, 271.492],[1069.52, 336.379],
[1049.93, 666.745],[934.803, 771.673],[1046.8, 748.094],
[492.749, 874.948],[613.845, 849.454],[465.87, 805.061],
[1070.28, 243.931],[966.126, 269.968],[1068.02, 334.125],
[934.566, 770.093],[1046.82, 746.039],[1049.76, 663.761],
[492.756, 874.891],[612.403, 849.021],[464.682, 804.705],
[1067.76, 241.56],[963.732, 267.567],[1063.81, 332.431],
[1046.74, 744.221],[1049.74, 661.783],[933.712, 768.881],
[492.885, 874.863],[612.539, 848.992],[464.074, 804.893],
[1063, 239.677],[960.138, 266.222],[1063, 331.5],
[933.584, 767.185],[1047, 742.375],[1047, 662.275],
[493.043, 874.768],[611.165, 848.519],[463.135, 804.981],
[955.618, 264.765],[1057.97, 327.75],[1061.73, 237.557],
[1048.4, 658.8],[932.606, 766.121],[1044.84, 740.779],
[611.288, 848.492],[462.148, 805.053],[492.684, 874.848],
[1057, 235.467],[952.529, 263.326],[1057, 327.615],
[932.713, 764.4],[1044.88, 738.227],[1047.85, 655.167],
[615.523, 847.55],[462.321, 806.997],[492.938, 874.792],
[1053, 233.6],[948.009, 261.598],[1053, 323.815],
[932.287, 762.827],[1045, 735.621],[1045, 655.75],
[492.635, 874.798],[613.958, 847.067],[461.914, 807.21],
[1049, 231.6],[943.436, 259.75],[1049, 320.352],
[932.023, 760.408],[1045, 733.138],[1045, 651.721],
[492.842, 875.539],[610.547, 846.113],[460.686, 807.207],
[1047.28, 229.057],[938.148, 257.527],[1045.37, 317.093],
[931.289, 758.283],[1044, 730.538],[1044, 648.462],
[491.776, 875.306],[609.777, 845.806],[461.145, 807.919],
[1043, 316.283],[1043, 226.455],[935.904, 255.663],
[1043, 645],[932.333, 755.667],[1043, 728],
[493.075, 875.151],[608.893, 845.581],[459.213, 807.427],
[1039, 223.429],[931.672, 254.094],[1039, 312.636],
[1040.49, 645.877],[929.307, 754.276],[1043.58, 724.786],
[491.213, 874.947],[609, 845.5],[459.378, 808.095],
[1035, 221.143],[927.328, 251.906],[1035, 310.636],
[1043.46, 722.231],[1040.42, 641.582],[929.64, 752.36],
[492.038, 875.077],[608.966, 844.574],[458.53, 808.061],
[1031, 218.294],[922.425, 250.228],[1031, 308.393],
[1043.5, 719.911],[1040.16, 639.84],[929.449, 750.551],
[491.235, 875.471],[610.062, 843.784],[457.826, 808.652],
[1027, 215.5],[917.633, 248.31],[1027, 304.946],
[1038.11, 637.481],[930.082, 748.275],[1043.82, 717.534],
[491.533, 875.125],[609.635, 843.631],[456.009, 808.516],
[1019.01, 213.075],[910.762, 246.381],[1026, 304],
[1043.75, 715.266],[1037.95, 635.577],[930.276, 746.086],
[491.484, 874.871],[609.202, 843.48],[454.597, 808.475],
[1012.79, 209.07],[907.688, 244.104],[1020.27, 301.385],
[930.574, 744.152],[1043.7, 712.944],[1037.32, 631.631],
[491.818, 875.05],[607.587, 843.114],[453.075, 808.13],
[1014.69, 297.611],[1006.35, 205.882],[900.116, 241.295],
[1042.34, 710.047],[1035.62, 629.452],[928.029, 742.706],
[491.837, 876.149],[605.734, 841.98],[452.299, 808.37],
[1000.12, 201.524],[891.87, 239.176],[1008.78, 294.659],
[1042.41, 707.108],[1034.83, 625.646],[929.028, 740.024],
[490.829, 875.049],[609.479, 841.149],[452.132, 810.553],
[993.581, 198.806],[884.417, 235.194],[1002.74, 290.413],
[1033.1, 623.516],[927.233, 737.965],[1042.44, 704.516],
[491.526, 875.442],[607.375, 840.688],[451.011, 810.617],
[986.041, 193.689],[879.87, 233.011],[996.845, 287.321],
[1031.3, 620.835],[928.004, 735.293],[1042.32, 701.671],
[490.938, 875.219],[606.823, 840.453],[450.747, 811.28],
[979.592, 191.443],[870.435, 229.648],[992.007, 284.551],
[1042, 698.73],[1030.03, 617.965],[925.301, 734.332],
[491.167, 874.75],[606.002, 840.299],[448.584, 810.875],
[973.641, 187.585],[862.768, 227.903],[985.62, 279.421],
[1029, 614.643],[925.841, 732.126],[1041, 696.691],
[608.869, 838.733],[448.312, 811.468],[490.723, 875.085],
[967.309, 185.009],[857.738, 226.098],[981.488, 277.169],
[1028.01, 612.422],[925.455, 730.435],[1040.89, 693.982],
[491.008, 875.123],[607.954, 838.577],[446.757, 811.204],
[961.732, 182.85],[852.528, 223.802],[976.826, 275.927],
[924.292, 728.803],[1040.71, 692.039],[1026.84, 610.583],
[490.895, 875.421],[606.253, 838.209],[446.17, 811.528],
[956.872, 180.588],[847.556, 222.632],[972.802, 273.513],
[1025.9, 608.029],[924.591, 726.708],[1040.08, 690.239],
[491.119, 875.627],[604.476, 837.841],[444.981, 811.742],
[951.92, 178.547],[842.358, 220.958],[968.444, 272.18],
[1039.15, 687.362],[1025.01, 606.071],[923.028, 725.539],
[490.154, 874.846],[606.359, 838.15],[443.727, 811.537],
[938.6, 135.4],[850.046, 223.954],[964.238, 269.999],
[1038.62, 684.73],[1023.56, 603.416],[922.61, 723.994],
[489.731, 875.423],[603.2, 837.6],[444.31, 811.834],
[831.375, 217.597],[960.301, 267.504],[941.772, 174.862],
[1022.17, 602.845],[921.061, 721.537],[1038.2, 682.986],
[490.028, 875.324],[607.727, 836.091],[444.576, 813.639],
[937.444, 172.222],[826.71, 216.516],[956, 265],
[921.124, 719.939],[1037.07, 680.561],[1021.14, 599.328],
[608.173, 835.942],[443.202, 813.649],[490.297, 875.234],
[933.139, 171.144],[823.742, 214.903],[953.088, 263.408],
[1019.8, 598.54],[919.921, 718.978],[1036.82, 678.567],
[443.231, 814.4],[489.673, 874.776],[607.08, 835.64],
[948.703, 261.553],[929.853, 169.659],[819.172, 213.931],
[919.974, 717.327],[1036.21, 676.737],[1019, 595],
[925.737, 166.97],[818.178, 213.067],[947.758, 261.659],
[443.585, 814.446],[489, 875],[607.08, 835.64],
[1035.52, 675.581],[1017.87, 594.397],[919.293, 716.168],
[922.304, 166.207],[813.029, 211.738],[943.561, 259.204],
[442.857, 814.673],[489.618, 874.794],[607.224, 835.592],
[918.482, 715.802],[1035.45, 673.813],[1017.18, 593.132],
[918.175, 164.137],[809.482, 209.902],[940.408, 257.512],
[604.672, 835.267],[442.254, 814.596],[489.752, 875.048],
[918.708, 714.81],[1035.26, 672.776],[1016.43, 591.215],
[914.176, 161.141],[805.698, 208.305],[936.388, 254.431],
[490.073, 875.092],[603.376, 835.102],[441.611, 814.514],
[919.296, 714.441],[1035.12, 672.025],[1015.74, 589.634],
[910.275, 159.098],[802.351, 206.021],[933.775, 253.098],
[490.073, 875.092],[603.376, 835.102],[441.611, 814.514],
[918.618, 714.121],[1035.45, 671.987],[1015.43, 590.258],
[800.1, 203.4],[931.55, 251.2],[907.9, 156.6],
[603.273, 835.139],[441.362, 814.202],[490.073, 875.092],
[1035.79, 673.397],[1015.55, 590.754],[918.836, 714.897],
[490.385, 874.982],[602.61, 835.373],[440.129, 812.161],
[907.106, 155.812],[799.108, 202.097],[930.901, 248.612],
[918.587, 717.616],[1036.89, 675.863],[1016.88, 592.513],
[490.089, 874.931],[603.723, 835.596],[440.532, 811.859],
[908.908, 155.04],[800.011, 201.71],[932.901, 248.612],
[1037.93, 679.679],[1018.38, 594.976],[920.804, 720.222],
[489.8, 874.733],[605.313, 836.229],[441.132, 809.843],
[912.957, 155.019],[804.602, 201.456],[935.469, 249.569],
[1019.46, 598.449],[920.968, 723.01],[1039.47, 683.509],
[489.659, 874.781],[605.159, 836.281],[442.274, 809.627],
[917.315, 155.785],[809.416, 200.743],[938.958, 251.013],
[920.968, 727.01],[1040.42, 687.193],[1020.63, 600.966],
[442, 807],[489.366, 874.665],[604.955, 837.177],
[921.583, 156.967],[814, 200],[943.302, 252.529],
[923.183, 728.739],[1041.37, 691.056],[1022.52, 603.104],
[489.314, 874.613],[605.066, 837.407],[442.417, 806.071],
[925.531, 157.388],[818.496, 200.202],[946.611, 252.248],
[923.055, 731.681],[1041.47, 694.09],[1023.51, 606.11],
[489.594, 874.391],[605.469, 837.799],[443.157, 804.736],
[929.588, 157.365],[822.849, 200.06],[949.104, 252.505],
[1042.68, 697.1],[1024.58, 609.632],[923.549, 733.754],
[488.853, 874.625],[604.971, 837.957],[443.656, 803.603],
[826.546, 198.867],[951.977, 253.49],[932.136, 158.255],
[923.005, 736.422],[1042.96, 699.824],[1025.18, 610.894],
[488.345, 873.952],[603.495, 839.19],[443.213, 801.741],
[934.1, 157.5],[827.227, 198.605],[953.047, 252.233],
[923.522, 737.788],[1043.41, 702.527],[1025.98, 611.908],
[487.317, 873.195],[604.678, 839.663],[443.987, 800.978],
[829.376, 196.484],[954.481, 253.909],[934.319, 157.13],
[1044.12, 704.906],[1026.62, 613],[924.042, 739.712],
[488, 873],[604.082, 839.834],[442.499, 799.06],
[827.883, 194.747],[955.277, 252.075],[934.625, 157.074],
[924.091, 741.545],[1045.19, 706.946],[1026.86, 615.289],
[602.619, 840.384],[442.687, 797.159],[487.286, 872.42],
[935.535, 154.674],[829.811, 194.321],[954.79, 250.952],
[1045.72, 709.136],[1027.79, 615.893],[925.522, 742.994],
[442.296, 796.375],[486.972, 871.764],[602.633, 840.505],
[828.088, 192.54],[955.01, 250.052],[935.813, 154.067],
[1028.14, 617.711],[924.595, 744.927],[1046.72, 710.58],
[486.955, 871.922],[602.66, 840.365],[441.984, 794.245],
[934.724, 153.759],[827.169, 189.61],[956.124, 250.058],
[1028.14, 617.711],[924.683, 744.818],[1047.04, 712.19],
[485.724, 871.125],[604.132, 839.965],[442.324, 792.462],
[827.066, 186.311],[954.326, 248.898],[933.041, 150.986],
[1027.74, 615.699],[925.125, 744.7],[1047.04, 712.19],
[485.536, 870.165],[602.673, 839.607],[442.133, 792.039],
[930.365, 147.878],[823.169, 183.61],[951.177, 243.614],
[1027.06, 615.305],[925.602, 744.306],[1047.05, 711.919],
[485.355, 869.839],[600.967, 839.009],[440.781, 789.605],
[821.536, 180.88],[947.884, 239.978],[926.426, 143.419],
[925.838, 744.327],[1047.09, 711.752],[1026.23, 614.408],
[484.12, 868.22],[602.443, 838.639],[440.11, 787.535],
[923.453, 140.392],[818.901, 176.985],[945.715, 238.346],
[1047.16, 711.89],[1025.63, 613.456],[926.191, 744.149],
[482.869, 867.533],[600.118, 838.22],[440.6, 786.015],
[815.776, 173.408],[943.451, 235.186],[921.408, 138.197],
[1025.06, 613.677],[925.159, 744.424],[1047.23, 711.872],
[600.655, 836.559],[439.982, 784.967],[483.794, 867.722],
[919.121, 134.32],[816.356, 171.689],[941.943, 232.456],
[1047, 712.016],[1024.7, 611.651],[925.983, 743.759],
[601, 837],[439.474, 783.158],[482.962, 866.51],
[917.813, 131.978],[814.686, 167.848],[939.715, 228.346],
[924.365, 743.921],[1046.98, 711.76],[1024.52, 612.291],
[482.722, 865.928],[599.82, 836.188],[438.523, 780.929],
[915.63, 129.507],[811.668, 165.356],[938.205, 226.583],
[1046.62, 711.185],[1023.57, 609.093],[923.654, 743.264],
[482.619, 866.238],[598.547, 834.906],[439.172, 779.344],
[913.548, 126.155],[810.171, 161.599],[935.943, 222.456],
[1022.38, 607.05],[922.728, 742.806],[1046.36, 709.837],
[481.351, 863.703],[600.147, 834.904],[438.517, 778.034],
[808.375, 158.955],[932.277, 219.89],[909.55, 122.164],
[1021.45, 605.412],[922.986, 740.617],[1045.81, 708.921],
[481.444, 862.889],[598, 833.75],[437.983, 775.966],
[905.53, 118.426],[805.146, 156.07],[928.731, 215.87],
[1019.96, 603.188],[921.667, 739.941],[1045.5, 707.163],
[481, 862],[599.636, 832.341],[436.763, 773.525],
[802.214, 152.587],[926.651, 212.799],[901.786, 115.413],
[922.95, 738.131],[1044.96, 705.834],[1018.73, 600.901],
[481.206, 862.412],[596.849, 831.574],[436, 772],
[898.265, 112.651],[798.854, 149.93],[923.442, 210.214],
[922.129, 736.966],[1044.39, 704.363],[1017.76, 599.319],
[480.778, 860.556],[596.412, 831.647],[435.846, 770.691],
[895.268, 109.82],[796.557, 147.786],[921.121, 208.058],
[1044.05, 703.016],[1016.98, 596.414],[920.275, 735.78],
[479.031, 859.78],[598.766, 830.754],[437.32, 770.4],
[893.182, 106.727],[795.243, 145.903],[917.507, 204.028],
[921.461, 733.996],[1043.49, 701.693],[1015.92, 594.482],
[594.374, 829.09],[435.653, 767.365],[479.665, 859.39],
[793.122, 143.076],[915.873, 202.405],[890.878, 104.924],
[1014.68, 592.2],[920.045, 732.721],[1042.64, 700.03],
[479.464, 858.112],[596.331, 828.146],[436.355, 766.504],
[889.183, 104.115],[790.785, 139.896],[913.595, 199.32],
[1042.23, 698.372],[1014.2, 590.92],[919.654, 731.302],
[478.552, 855.897],[597.464, 827.069],[435.751, 764.181],
[788.824, 137.915],[911.595, 197.32],[887.176, 102.085],
[921.127, 729.712],[1041.96, 697.249],[1013.34, 588.505],
[479.188, 855.274],[595.054, 825.373],[435.158, 761.711],
[790, 136],[911.308, 196.654],[885.576, 100.159],
[919.229, 729.351],[1041.26, 695.688],[1013.07, 587.167],
[478.423, 853.378],[596.405, 825.063],[435.715, 760.197],
[884.606, 98.5227],[788.31, 134.634],[909.928, 193.481],
[372.687, 277.916],[241.577, 323.3],[290.021, 441.718],
[1040.94, 695.311],[1012.74, 585.664],[919.087, 727.565],
[596.537, 823.116],[436.169, 758.38],[478.1, 852.725],
[374.75, 276.083],[243.882, 319.706],[291.668, 439.17],
[1040.44, 694.179],[1011.23, 582.207],[918.468, 727.144],
[478.3, 851.675],[595.601, 822.35],[436.119, 756.769],
[294, 437],[375.6, 273.8],[246, 317],
[1040.04, 693.789],[1011.29, 582.356],[918.252, 726.266],
[596.782, 821.532],[436.286, 754.911],[477.477, 850.166],
[248.941, 314.353],[296.116, 432.29],[378.136, 271.288],
[1010.51, 581.331],[918.017, 725.848],[1040.04, 693.548],
[477.677, 849.581],[594.685, 820.329],[436.329, 753.102],
[298.774, 430.398],[382.907, 268.364],[254.111, 311.296],
[1010.51, 581.331],[917.391, 726.826],[1040.04, 693.565],
[477.442, 848.174],[596.168, 819.68],[436.551, 751.059],
[257.529, 308.824],[303.732, 424.329],[387.672, 265.443],
[918.242, 727.067],[1040.2, 695.594],[1011.81, 583.797],
[477.398, 847.225],[595.041, 818.99],[437.331, 749.062],
[393.111, 263.556],[264.696, 304.415],[307.04, 420.859],
[918.066, 729.112],[1040.34, 697.557],[1012.75, 585.652],
[597.324, 818.706],[438.311, 747.373],[476.905, 845.466],
[269.931, 301.811],[312.178, 417.991],[399.851, 260.784],
[919.366, 730.409],[1040.87, 700.033],[1013.43, 586.367],
[477.185, 844.612],[596.242, 818.73],[439.407, 745.442],
[275.778, 299.389],[317.688, 414.641],[405.901, 257.986],
[919.49, 731.985],[1041.53, 702.528],[1014.17, 588.533],
[595.045, 817.879],[440.174, 744.13],[477.615, 843.974],
[321.958, 410.531],[412.038, 256.952],[282.042, 295.469],
[919.231, 733.93],[1041.66, 704.692],[1015.69, 590.701],
[477.08, 842.728],[596.456, 817.328],[441.581, 742.146],
[289.388, 292.175],[326.019, 409.919],[417.414, 255.596],
[920.025, 735.552],[1041.9, 707.581],[1017.34, 592.448],
[477.468, 842.22],[595.299, 817.149],[442.105, 740.553],
[295.066, 289.436],[330.175, 407.303],[423.429, 254.429],
[1042.42, 709.969],[1017.75, 594.848],[920.725, 737.449],
[477.145, 840.435],[596.545, 817.138],[443.069, 738.207],
[300.588, 288.059],[334.038, 405.133],[428.685, 252.477],
[1042.84, 711.874],[1019.04, 597.323],[920.367, 739.53],
[476.809, 839.989],[596.25, 817.238],[444.903, 737.891],
[304.723, 286.53],[337.991, 402.967],[432.783, 251.605],
[920.229, 740.497],[1043.31, 714.389],[1019.79, 598.474],
[477.279, 839.656],[595.533, 816.768],[445.313, 735.767],
[341.905, 401.666],[437.873, 250.217],[308.699, 285.446],
[921.405, 741.034],[1043.68, 716.224],[1019.91, 599.068],
[477.429, 838.795],[597.851, 816.215],[446.017, 735.832],
[310.21, 284.366],[344.472, 398.574],[439.309, 250.392],
[1043.47, 716.355],[1020.38, 600.881],[920.036, 742.538],
[477.587, 837.838],[597.676, 816.645],[445.917, 733.327],
[312.895, 283.133],[345.625, 397.689],[441.573, 249.27],
[920.795, 741.689],[1043.55, 716.417],[1019.77, 600.504],
[477.25, 838.048],[595.11, 815.237],[446.552, 733.675],
[314.625, 281.344],[345.682, 397.809],[440.333, 249.917],
[1018.69, 598.618],[921.588, 739.982],[1042.85, 714.893],
[477.095, 835.924],[597.873, 814.611],[446.644, 732.389],
[315.739, 280.565],[345.906, 396.924],[440.809, 249.298],
[920.473, 738.585],[1042.1, 712.979],[1018.04, 596.675],
[477.039, 835.992],[595.001, 813.307],[446.39, 730.909],
[920.612, 736.598],[1041.95, 711.493],[1016.68, 595.973],
[441.367, 247.43],[316.354, 280.328],[346.806, 394.524],
[596.436, 811.965],[446.804, 729.814],[476.787, 834.755],
[1016.12, 593.233],[919.904, 734.73],[1041.17, 710.125],
[317.125, 279.219],[347.728, 393.979],[439.721, 248.57],
[446.05, 728.028],[476.784, 833.403],[595.632, 811.794],
[1040.68, 708.169],[1014.16, 591.759],[919.893, 733.16],
[441.851, 246.671],[318.1, 279.237],[348.165, 393.054],
[476.224, 833.005],[595.877, 809.658],[447.04, 727.943],
[1013.56, 588.179],[920.468, 730.721],[1040.13, 705.856],
[441.042, 245.644],[318.467, 279.457],[348.008, 392.697],
[476.678, 832.372],[594.748, 808.276],[446.272, 725.953],
[917.82, 729.484],[1038.95, 702.566],[1012.43, 586.144],
[318.244, 278.602],[347.831, 392.018],[439.962, 246.143],
[476.502, 830.756],[595.448, 807.547],[446.458, 725.602],
[917.141, 726.859],[1038.56, 700.246],[1011.02, 582.428],
[317.853, 278.949],[347.994, 391.977],[438.466, 246.055],
[446.28, 723.98],[476.78, 830.73],[594.425, 805.963],
[917.555, 724.57],[1038.18, 697.085],[1009.81, 580.427],
[316.337, 279.181],[348.256, 390.896],[437.591, 246.112],
[476.703, 829.459],[597.378, 805.324],[446.534, 723.868],
[915.799, 722.189],[1037.59, 694.351],[1008.38, 577.528],
[317.311, 278.915],[347.079, 390.546],[437.975, 246.007],
[446.465, 722.628],[476.82, 828.871],[595.097, 804.23],
[1007.59, 574.346],[916.116, 720.127],[1037.05, 692.218],
[317.186, 278.949],[346.891, 390.34],[438.064, 245.983],
[476.993, 828.475],[597.121, 803.185],[446.534, 721.868],
[916.309, 718.083],[1036.69, 690.302],[1006.37, 572.819],
[446.275, 720.513],[477.557, 827.765],[595.039, 801.658],
[316.73, 279.556],[347.959, 388.858],[438.333, 245.507],
[1005.62, 571.573],[915.833, 716.937],[1035.85, 687.968],
[477.685, 826.329],[597.121, 801.185],[446.343, 719.765],
[438.686, 244.947],[318.632, 279.248],[347.696, 389.276],
[916.257, 714.905],[1035.28, 686.661],[1004.66, 567.567],
[477.373, 825.806],[595.807, 799.487],[446.69, 718.414],
[438.229, 245.077],[319.221, 279.08],[348.803, 390.01],
[915.4, 713.847],[1035.09, 685.684],[1004.48, 568.347],
[477.89, 825.025],[596.259, 798.72],[446.343, 717.765],
[439.747, 244.644],[320.289, 278.775],[348.746, 387.859],
[913.409, 713.534],[1034.67, 683.958],[1004, 567.414],
[477.224, 824.284],[595.618, 797.974],[446.462, 716.615],
[439.747, 244.644],[320.775, 278.636],[349.116, 387.277],
[914.851, 711.633],[1034.53, 683.053],[1003.04, 566.547],
[476.596, 823.91],[594.773, 797.052],[446.771, 715.796],
[321.367, 278.467],[348.724, 387.894],[439.747, 244.644],
[914.341, 709.993],[1033.16, 681.617],[1001.57, 563.151],
[476.846, 822.223],[595.841, 796.494],[445.564, 715.345],
[321.442, 278.767],[348.629, 387.515],[440.921, 242.924],
[913.158, 709.46],[1032.73, 679.567],[1000.32, 561.723],
[476.049, 821.835],[594.017, 794.611],[444.399, 713.695],
[349.529, 385.353],[437.413, 244.739],[319.019, 278.566],
[912.263, 707.684],[1031.73, 677.818],[998.65, 558.741],
[444.007, 713.023],[474.78, 820.732],[592.618, 793.95],
[319.158, 279.053],[349.428, 384.997],[436.522, 243.843],
[910.333, 706.006],[1030.78, 676.422],[997.691, 558.953],
[473.99, 819.631],[592.072, 792.641],[442.399, 711.695],
[435.309, 244.207],[320.274, 278.718],[348.483, 386.85],
[911.5, 703.983],[1030.23, 675.323],[995.977, 555.42],
[441.75, 710.125],[472.687, 818.403],[589.184, 792.515],
[347.929, 385.221],[435.754, 244.074],[320.071, 278.779],
[907.565, 704.539],[1028.86, 673.733],[995.488, 555.07],
[471.772, 817.899],[588.058, 791.063],[441.176, 708.63],
[320.372, 278.488],[346.949, 384.796],[434.377, 244.287],
[993.617, 551.584],[909.909, 701.68],[1028.59, 672.415],
[440.498, 708.744],[471.378, 816.823],[588.763, 790.145],
[431.974, 244.133],[319.951, 279.14],[347.03, 385.2],
[993.08, 550.943],[908.504, 700.026],[1027.82, 670.606],
[470.761, 817.56],[587.217, 788.446],[439.998, 707.325],
[319.482, 278.929],[346.114, 385.456],[432.037, 244.296],
[907.406, 698.149],[1026.89, 668.276],[992.012, 549.359],
[470.075, 814.983],[587.871, 788.806],[439.919, 707.282],
[318.277, 279.538],[346.092, 383.846],[429.723, 244.462],
[1026.53, 665.774],[990.586, 545.953],[906.356, 696.364],
[586.438, 786.991],[439.629, 706.246],[470, 814.714],
[318.22, 279.634],[345.78, 384.366],[429.78, 244.366],
[1025.78, 662.861],[990.118, 544.526],[906.507, 694.146],
[586.055, 785.236],[439.469, 705.143],[470.6, 814.1],
[429.401, 244.827],[319.221, 279.884],[345.616, 385.465],
[903.966, 692.681],[1025.33, 660.075],[989.227, 542.738],
[470.759, 812.658],[588.431, 784.417],[439.477, 703.169],
[429.867, 244.044],[320.015, 280.662],[345.588, 385.512],
[988.198, 540.127],[904.291, 690.582],[1025.34, 657.754],
[472.01, 813.322],[586.115, 782.482],[440.003, 703.582],
[346.134, 384.522],[429.363, 245.302],[319.522, 280.735],
[904.113, 688.902],[1025.17, 656.073],[987.794, 538.853],
[589.903, 782.001],[440.87, 704.443],[472.097, 811.999],
[430.318, 244.561],[319.701, 281.433],[346.106, 384.413],
[986.787, 536.252],[905.567, 687.089],[1024.9, 654.044],
[472.397, 811.948],[588.367, 781.43],[440.377, 703.082],
[319.022, 280.301],[345.696, 385.093],[429.213, 246.396],
[905.54, 685.536],[1024.29, 652.138],[985.894, 533.756],
[472.571, 811.927],[587.049, 780.987],[439.852, 701.5],
[344.738, 385.95],[428.346, 245.551],[318.769, 282.077],
[905.436, 683.733],[1023.89, 649.889],[985.403, 532.683],
[472.897, 811.027],[588.855, 780.105],[440.673, 702.273],
[318.385, 282.538],[344.16, 385.64],[428.327, 245.891],
[1023.72, 646.984],[984.316, 530.281],[905.969, 681.17],
[473.815, 811.052],[589.534, 778.758],[440.948, 701.493],
[316.522, 283.826],[345.304, 384.564],[427.679, 246.774],
[1023.44, 644.148],[984.34, 528.463],[905.433, 678.971],
[474.193, 809.947],[590.886, 778.122],[442.12, 699.982],
[317.217, 284.261],[345.982, 384.938],[427.548, 247.484],
[907.241, 677.027],[1023.63, 642.684],[984.204, 526.062],
[475.79, 808.966],[592.344, 777.179],[442.948, 699.493],
[318.87, 285.043],[347.29, 384.516],[429, 248.333],
[908.159, 676.805],[1024.86, 642.227],[985.526, 527.802],
[477.173, 808.589],[593.656, 776.821],[445.111, 699.578],
[321.565, 285.478],[349.92, 384.718],[431.825, 248.725],
[909.167, 677.173],[1025.63, 642.667],[986.177, 526.114],
[478.291, 808.284],[593.494, 776.865],[446.628, 699.724],
[324.213, 285.745],[352.319, 384.115],[434.347, 249.887],
[1026.21, 643.411],[986.576, 527.331],[910.192, 677.162],
[478.602, 808.107],[596.93, 776.25],[447.754, 700.14],
[326.435, 286.522],[354.471, 384.649],[436.211, 249.93],
[1026.21, 643.411],[986.576, 527.331],[910.192, 677.162],
[478.114, 807.812],[597.311, 776.444],[448.28, 700.408],
[355.067, 383.225],[437.696, 250.101],[326.273, 287.242],
[909.389, 676.737],[1025.51, 642.33],[986.177, 526.114],
[478.538, 807.882],[596.12, 776.103],[447.356, 698.745],
[327.043, 287.652],[354.576, 384.016],[437.174, 250.942],
[1025.35, 640.378],[985.184, 526.062],[909.389, 674.737],
[478.265, 806.927],[593.836, 775.045],[447.141, 697.993],
[435.291, 252.446],[328.519, 287.075],[353.544, 387.177],
[1024.81, 638.858],[984.368, 523.74],[908.126, 673.291],
[594.726, 774.441],[446.525, 697.253],[477.863, 805.194],
[435.291, 252.446],[328.519, 287.075],[353.544, 387.177],
[908.384, 672.785],[1023.98, 638.106],[983.922, 524.614],
[477.543, 805.402],[593.04, 773.541],[446.698, 697.443],
[328.29, 286.159],[353.322, 386.289],[435.283, 252.724],
[907.211, 673.086],[1023.72, 638.308],[983.208, 524.015],
[476.602, 805.106],[593.681, 773.885],[445.675, 696.861],
[435.085, 252.786],[328.29, 286.159],[353.544, 387.177],
[905.733, 674.062],[1023.01, 639.456],[982.452, 523.576],
[475.705, 804.56],[593.99, 774.035],[444.063, 696.073],
[434.66, 252.739],[327.444, 286.597],[353.034, 385.759],
[981.853, 524.75],[905.98, 673.577],[1022.62, 640.252],
[475, 806.143],[590.342, 773.188],[443.028, 696.525],
[352.503, 385.698],[434.369, 251.877],[327.188, 287.604],
[982.041, 524.811],[904.59, 673.974],[1021.63, 640.534],
[473.799, 805.106],[591.949, 774.013],[442.218, 696.154],
[351.634, 385.535],[434.48, 252.061],[326.981, 286.925],
[1021.33, 639.373],[981.16, 524.599],[903.517, 674.025],
[473.133, 803.967],[591.41, 774.397],[442.309, 696.081],
[325.976, 286.911],[352.127, 384.978],[433.611, 252.19],
[904.234, 673.079],[1021.33, 638.383],[980.867, 522.762],
[473.736, 805.076],[588.309, 772.34],[442.297, 695.04],
[352.824, 382.882],[435.316, 250.895],[325.565, 287.478],
[904.192, 671.162],[1021.03, 637.172],[980.432, 521.614],
[592.685, 772.396],[442.685, 694.396],[473.315, 801.604],
[352.248, 384.113],[433.137, 251.891],[327.752, 285.887],
